Cycle	Time	Value
     1	      40	0.0
     2	      91	0.0
     3	     140	0.0
     4	     190	0.0
     5	     240	0.0
     6	     290	0.0
     7	     341	0.0
     8	     390	0.0
     9	     440	0.0
    10	     490	0.0
    11	     540	0.0
    12	     590	0.0
    13	     640	0.0
    14	     690	0.0
    15	     740	0.0
    16	     790	0.0
    17	     840	0.0
    18	     890	0.0
    19	     941	0.0
    20	     990	0.0
    21	    1040	0.0
    22	    1090	0.0
    23	    1140	0.0
    24	    1190	0.0
    25	    1240	0.0
    26	    1290	0.0
    27	    1340	0.0
    28	    1390	0.0
    29	    1440	0.0
    30	    1490	0.0
    31	    1540	0.0
    32	    1590	0.0
    33	    1640	0.0
    34	    1690	0.0
    35	    1740	0.0
    36	    1790	0.0
    37	    1840	0.0
    38	    1890	0.0
    39	    1940	0.0
    40	    1990	0.0
    41	    2040	0.0
    42	    2089	0.0
    43	    2140	0.0
    44	    2190	0.0
    45	    2240	0.0
    46	    2289	0.0
    47	    2339	0.0
    48	    2390	0.0
    49	    2440	0.0
    50	    2490	0.0
    51	    2540	0.0
    52	    2590	0.0
    53	    2640	0.0
    54	    2690	0.0
    55	    2740	0.0
    56	    2791	0.0
    57	    2840	0.0
    58	    2890	0.0
    59	    2940	0.0
    60	    2990	0.0
    61	    3040	0.0
    62	    3090	0.0
    63	    3140	0.0
    64	    3190	0.0
    65	    3240	0.0
    66	    3289	0.0
    67	    3340	0.0
    68	    3390	0.0
    69	    3440	0.0
    70	    3491	0.0
    71	    3543	0.0
    72	    3591	0.0
    73	    3641	0.0
    74	    3691	0.0
    75	    3741	0.0
    76	    3792	0.0
    77	    3841	0.0
    78	    3891	0.0
    79	    3940	0.0
    80	    3990	0.0
    81	    4040	0.0
    82	    4091	0.0
    83	    4140	0.0
    84	    4191	0.0
    85	    4241	0.0
    86	    4291	0.0
    87	    4341	0.0
    88	    4391	0.0
    89	    4441	0.0
    90	    4491	0.0
    91	    4541	0.0
    92	    4590	0.0
    93	    4641	0.0
    94	    4690	0.0
    95	    4741	0.0
    96	    4790	0.0
    97	    4840	0.0
    98	    4890	0.0
    99	    4940	0.0
   100	    4991	0.0
   101	    5041	0.0
   102	    5091	0.0
   103	    5140	0.0
   104	    5190	0.0
   105	    5240	0.0
   106	    5290	0.0
   107	    5340	0.0
   108	    5391	0.0
   109	    5440	0.0
   110	    5490	0.0
   111	    5540	0.0
   112	    5590	0.0
   113	    5641	0.0
   114	    5690	0.0
   115	    5740	0.0
   116	    5790	0.0
   117	    5840	0.0
   118	    5890	0.0
   119	    5940	0.0
   120	    5990	0.0
   121	    6040	0.0
   122	    6090	0.0
   123	    6140	0.0
   124	    6191	0.0
   125	    6240	0.0
   126	    6290	0.0
   127	    6340	0.0
   128	    6391	0.0
   129	    6440	0.0
   130	    6490	0.0
   131	    6540	0.0
   132	    6590	0.0
   133	    6640	0.0
   134	    6691	0.0
   135	    6740	0.0
   136	    6790	0.0
   137	    6840	0.0
   138	    6890	0.0
   139	    6941	0.0
   140	    6990	0.0
   141	    7040	0.0
   142	    7090	0.0
   143	    7140	0.0
   144	    7190	0.0
   145	    7242	0.0
   146	    7290	0.0
   147	    7340	0.0
   148	    7390	0.0
   149	    7440	0.0
   150	    7491	0.0
   151	    7540	0.0
   152	    7590	0.0
   153	    7640	0.0
   154	    7692	0.0
   155	    7740	0.0
   156	    7790	0.0
   157	    7840	0.0
   158	    7890	0.0
   159	    7940	0.0
   160	    7991	0.0
   161	    8040	0.0
   162	    8090	0.0
   163	    8141	0.0
   164	    8190	0.0
   165	    8241	0.0
   166	    8290	0.0
   167	    8340	0.0
   168	    8391	0.0
   169	    8440	0.0
   170	    8490	0.0
   171	    8540	0.0
   172	    8590	0.0
   173	    8641	0.0
   174	    8690	0.0
   175	    8740	0.0
   176	    8790	0.0
   177	    8840	0.0
   178	    8891	0.0
   179	    8940	0.0
   180	    8990	0.0
   181	    9040	0.0
   182	    9091	0.0
   183	    9140	0.0
   184	    9190	0.0
   185	    9240	0.0
   186	    9290	0.0
   187	    9342	0.0
   188	    9390	0.0
   189	    9440	0.0
   190	    9490	0.0
   191	    9540	0.0
   192	    9590	0.0
   193	    9640	0.0
   194	    9690	0.0
   195	    9741	0.0
   196	    9791	0.0
   197	    9843	0.0
   198	    9891	0.0
   199	    9941	0.0
   200	    9990	0.0
   201	   10041	0.0
   202	   10092	0.0
   203	   10140	0.0
   204	   10190	0.0
   205	   10240	0.0
   206	   10291	0.0
   207	   10342	0.0
   208	   10390	0.0
   209	   10440	0.0
   210	   10490	0.0
   211	   10541	0.0
   212	   10591	0.0
   213	   10640	0.0
   214	   10690	0.0
   215	   10740	0.0
   216	   10790	0.0
   217	   10840	0.0
   218	   10890	0.0
   219	   10941	0.0
   220	   10990	0.0
   221	   11040	0.0
   222	   11090	0.0
   223	   11140	0.0
   224	   11191	0.0
   225	   11240	0.0
   226	   11290	0.0
   227	   11340	0.0
   228	   11390	0.0
   229	   11440	0.0
   230	   11490	0.0
   231	   11540	0.0
   232	   11590	0.0
   233	   11640	0.0
   234	   11690	0.0
   235	   11740	0.0
   236	   11790	0.0
   237	   11840	0.0
   238	   11890	0.0
   239	   11940	0.0
   240	   11990	0.0
   241	   12040	0.0
   242	   12090	0.0
   243	   12140	0.0
   244	   12190	0.0
   245	   12240	0.0
   246	   12290	0.0
   247	   12340	0.0
   248	   12390	0.0
   249	   12440	0.0
   250	   12490	0.0
   251	   12540	0.0
   252	   12590	0.0
   253	   12640	0.0
   254	   12690	0.0
   255	   12740	0.0
   256	   12791	0.0
   257	   12840	0.0
   258	   12890	0.0
   259	   12941	0.0
   260	   12990	0.0
   261	   13041	0.0
   262	   13091	0.0
   263	   13140	0.0
   264	   13190	0.0
   265	   13240	0.0
   266	   13290	0.0
   267	   13340	0.0
   268	   13390	0.0
   269	   13440	0.0
   270	   13490	0.0
   271	   13540	0.0
   272	   13590	0.0
   273	   13640	0.0
   274	   13690	0.0
   275	   13741	0.0
   276	   13790	0.0
   277	   13840	0.0
   278	   13890	0.0
   279	   13940	0.0
   280	   13990	0.0
   281	   14040	0.0
   282	   14090	0.0
   283	   14140	0.0
   284	   14190	0.0
   285	   14240	0.0
   286	   14290	0.0
   287	   14340	0.0
   288	   14390	0.0
   289	   14440	0.0
   290	   14490	0.0
   291	   14541	0.0
   292	   14592	0.0
   293	   14641	0.0
   294	   14690	0.0
   295	   14740	0.0
   296	   14790	0.0
   297	   14840	0.0
   298	   14891	0.0
   299	   14940	0.0
   300	   14990	0.0
   301	   15040	0.0
   302	   15090	0.0
   303	   15140	0.0
   304	   15190	0.0
   305	   15240	0.0
   306	   15290	0.0
   307	   15340	0.0
   308	   15390	0.0
   309	   15440	0.0
   310	   15490	0.0
   311	   15540	0.0
   312	   15590	0.0
   313	   15640	0.0
   314	   15690	0.0
   315	   15740	0.0
   316	   15790	0.0
   317	   15840	0.0
   318	   15890	0.0
   319	   15940	0.0
   320	   15990	0.0
   321	   16040	0.0
   322	   16090	0.0
   323	   16140	0.0
   324	   16191	0.0
   325	   16240	0.0
   326	   16290	0.0
   327	   16340	0.0
   328	   16390	0.0
   329	   16440	0.0
   330	   16491	0.0
   331	   16540	0.0
   332	   16590	0.0
   333	   16640	0.0
   334	   16691	0.0
   335	   16741	0.0
   336	   16790	0.0
   337	   16840	0.0
   338	   16890	0.0
   339	   16940	0.0
   340	   16990	0.0
   341	   17040	0.0
   342	   17090	0.0
   343	   17140	0.0
   344	   17190	0.0
   345	   17240	0.0
   346	   17291	0.0
   347	   17340	0.0
   348	   17390	0.0
   349	   17440	0.0
   350	   17490	0.0
   351	   17540	0.0
   352	   17590	0.0
   353	   17640	0.0
   354	   17690	0.0
   355	   17740	0.0
   356	   17790	0.0
   357	   17840	0.0
   358	   17891	0.0
   359	   17940	0.0
   360	   17990	0.0
   361	   18040	0.0
   362	   18090	0.0
   363	   18141	0.0
   364	   18190	0.0
   365	   18240	0.0
   366	   18290	0.0
   367	   18341	0.0
   368	   18390	0.0
   369	   18440	0.0
   370	   18490	0.0
   371	   18540	0.0
   372	   18590	0.0
   373	   18641	0.0
   374	   18690	0.0
   375	   18740	0.0
   376	   18790	0.0
   377	   18840	0.0
   378	   18890	0.0
   379	   18940	0.0
   380	   18990	0.0
   381	   19040	0.0
   382	   19090	0.0
   383	   19140	0.0
   384	   19190	0.0
   385	   19240	0.0
   386	   19290	0.0
   387	   19340	0.0
   388	   19390	0.0
   389	   19440	0.0
   390	   19490	0.0
   391	   19540	0.0
   392	   19590	0.0
   393	   19640	0.0
   394	   19691	0.0
   395	   19740	0.0
   396	   19790	0.0
   397	   19841	0.0
   398	   19890	0.0
   399	   19940	0.0
   400	   19990	0.0
   401	   20040	0.0
   402	   20090	0.0
   403	   20140	0.0
   404	   20191	0.0
   405	   20240	0.0
   406	   20290	0.0
   407	   20340	0.0
   408	   20390	0.0
   409	   20440	0.0
   410	   20489	0.0
   411	   20540	0.0
   412	   20591	0.0
   413	   20640	0.0
   414	   20690	0.0
   415	   20740	0.0
   416	   20790	0.0
   417	   20840	0.0
   418	   20890	0.0
   419	   20941	0.0
   420	   20991	0.0
   421	   21041	0.0
   422	   21091	0.0
   423	   21142	0.0
   424	   21191	0.0
   425	   21241	0.0
   426	   21291	0.0
   427	   21341	0.0
   428	   21391	0.0
   429	   21441	0.0
   430	   21491	0.0
   431	   21542	0.0
   432	   21591	0.0
   433	   21641	0.0
   434	   21691	0.0
   435	   21741	0.0
   436	   21791	0.0
   437	   21841	0.0
   438	   21891	0.0
   439	   21941	0.0
   440	   21991	0.0
   441	   22041	0.0
   442	   22090	0.0
   443	   22140	0.0
   444	   22190	0.0
   445	   22240	0.0
   446	   22292	0.0
   447	   22340	0.0
   448	   22390	0.0
   449	   22440	0.0
   450	   22490	0.0
   451	   22540	0.0
   452	   22590	0.0
   453	   22641	0.0
   454	   22690	0.0
   455	   22740	0.0
   456	   22791	0.0
   457	   22840	0.0
   458	   22890	0.0
   459	   22940	0.0
   460	   22990	0.0
   461	   23040	0.0
   462	   23090	0.0
   463	   23140	0.0
   464	   23190	0.0
   465	   23338	0.0
   466	   23360	0.0
   467	   23407	0.0
   468	   23452	0.0
   469	   23498	0.0
   470	   23544	0.0
   471	   23592	0.0
   472	   23636	0.0
   473	   23682	0.0
   474	   23730	0.0
   475	   23776	0.0
   476	   23825	0.0
   477	   23870	0.0
   478	   23914	0.0
   479	   23960	0.0
   480	   24008	0.0
   481	   24054	0.0
   482	   24101	0.0
   483	   24147	0.0
   484	   24192	0.0
   485	   24240	0.0
   486	   24290	0.0
   487	   24340	0.0
   488	   24390	0.0
   489	   24440	0.0
   490	   24490	0.0
   491	   24540	0.0
   492	   24590	0.0
   493	   24641	0.0
   494	   24690	0.0
   495	   24740	0.0
   496	   24790	0.0
   497	   24840	0.0
   498	   25152	0.0
   499	   25167	0.0
   500	   25210	0.0
   501	   25257	0.0
   502	   25302	0.0
   503	   25350	0.0
