Cycle	Time	Value
     1	      10	1709.0
     2	      60	1830.0
     3	     110	1689.0
     4	     158	1721.0
     5	     210	1595.0
     6	     258	1681.0
     7	     310	1550.0
     8	     360	1660.0
     9	     410	1806.0
    10	     460	1613.0
    11	     510	1844.0
    12	     560	1633.0
    13	     610	1836.0
    14	     660	1806.0
    15	     710	1691.0
    16	     759	1526.0
    17	     810	1652.0
    18	     860	1803.0
    19	     908	1528.0
    20	     960	1762.0
    21	    1010	1785.0
    22	    1060	1664.0
    23	    1110	1655.0
    24	    1160	1774.0
    25	    1210	1680.0
    26	    1260	1586.0
    27	    1310	1908.0
    28	    1360	1783.0
    29	    1410	1701.0
    30	    1461	1534.0
    31	    1511	1497.0
    32	    1560	1493.0
    33	    1610	1706.0
    34	    1660	1633.0
    35	    1711	1490.0
    36	    1760	1953.0
    37	    1810	1627.0
    38	    1860	1802.0
    39	    1910	1671.0
    40	    1960	1636.0
    41	    2010	1468.0
    42	    2060	1785.0
    43	    2110	1829.0
    44	    2160	1578.0
    45	    2210	1870.0
    46	    2260	1722.0
    47	    2310	1605.0
    48	    2360	1808.0
    49	    2410	1664.0
    50	    2460	1754.0
    51	    2510	1691.0
    52	    2560	1481.0
    53	    2611	1344.0
    54	    2660	1743.0
    55	    2710	1709.0
    56	    2760	1503.0
    57	    2810	1621.0
    58	    2860	1432.0
    59	    2910	1556.0
    60	    2960	1650.0
    61	    3010	1892.0
    62	    3060	1586.0
    63	    3110	1486.0
    64	    3160	1713.0
    65	    3210	1550.0
    66	    3260	1782.0
    67	    3311	1605.0
    68	    3360	1785.0
    69	    3410	1768.0
    70	    3460	1906.0
    71	    3510	1595.0
    72	    3560	1785.0
    73	    3610	1668.0
    74	    3660	1819.0
    75	    3711	1735.0
    76	    3761	1865.0
    77	    3811	1763.0
    78	    3861	1838.0
    79	    3911	1741.0
    80	    3961	1779.0
    81	    4011	1839.0
    82	    4061	1902.0
    83	    4111	1838.0
    84	    4161	1736.0
    85	    4211	1732.0
    86	    4261	1711.0
    87	    4311	1580.0
    88	    4361	1941.0
    89	    4411	1970.0
    90	    4462	1911.0
    91	    4511	1785.0
    92	    4561	1817.0
    93	    4611	1746.0
    94	    4661	1669.0
    95	    4711	1729.0
    96	    4761	1839.0
    97	    4811	1727.0
    98	    4861	1602.0
    99	    4911	1931.0
   100	    4961	1768.0
   101	    5011	1669.0
   102	    5061	1672.0
   103	    5111	1811.0
   104	    5162	1522.0
   105	    5211	1525.0
   106	    5261	1874.0
   107	    5311	1696.0
   108	    5361	1624.0
   109	    5412	1793.0
   110	    5461	1719.0
   111	    5511	1879.0
   112	    5561	1774.0
   113	    5611	1763.0
   114	    5661	1954.0
   115	    5711	1845.0
   116	    5761	1418.0
   117	    5811	1830.0
   118	    5862	1890.0
   119	    5911	1651.0
   120	    5961	1812.0
   121	    6011	1737.0
   122	    6061	1617.0
   123	    6111	1514.0
   124	    6161	1814.0
   125	    6211	1708.0
   126	    6261	1754.0
   127	    6312	1693.0
   128	    6361	1768.0
   129	    6411	1915.0
   130	    6461	1854.0
   131	    6511	1949.0
   132	    6561	1789.0
   133	    6611	1681.0
   134	    6661	1574.0
   135	    6711	1672.0
   136	    6761	1796.0
   137	    6811	1721.0
   138	    6861	1697.0
   139	    6911	1769.0
   140	    6961	1626.0
   141	    7012	1656.0
   142	    7061	1950.0
   143	    7111	1704.0
   144	    7161	1705.0
   145	    7211	1815.0
   146	    7261	1764.0
   147	    7311	1743.0
   148	    7361	1745.0
   149	    7411	1686.0
   150	    7461	1639.0
   151	    7511	1818.0
   152	    7561	1659.0
   153	    7611	1661.0
   154	    7661	1548.0
   155	    7711	1605.0
   156	    7761	1651.0
   157	    7811	1680.0
   158	    7861	1860.0
   159	    7911	1924.0
   160	    7961	1867.0
   161	    8011	1617.0
   162	    8061	1653.0
   163	    8109	1764.0
   164	    8160	1593.0
   165	    8209	1660.0
   166	    8259	1499.0
   167	    8309	1748.0
   168	    8359	1818.0
   169	    8409	1728.0
   170	    8459	1904.0
   171	    8509	1692.0
   172	    8559	1907.0
   173	    8609	1806.0
   174	    8659	1746.0
   175	    8709	1610.0
   176	    8759	1603.0
   177	    8809	1491.0
   178	    8859	1673.0
   179	    8909	1631.0
   180	    8959	1719.0
   181	    9009	1570.0
   182	    9059	1609.0
   183	    9109	1785.0
   184	    9159	1619.0
   185	    9209	1730.0
   186	    9259	1717.0
   187	    9311	1692.0
   188	    9359	1578.0
   189	    9409	1736.0
   190	    9459	1664.0
   191	    9509	1630.0
   192	    9559	1943.0
   193	    9609	1664.0
   194	    9659	1646.0
   195	    9709	1713.0
   196	    9759	1663.0
   197	    9809	1688.0
   198	    9859	1475.0
   199	    9909	1605.0
   200	    9959	1890.0
   201	   10009	1665.0
   202	   10059	1672.0
   203	   10109	1568.0
   204	   10159	1656.0
   205	   10209	1742.0
   206	   10259	1490.0
   207	   10309	450.0
   208	   10359	830.0
   209	   10409	1479.0
   210	   10459	1700.0
   211	   10509	1803.0
   212	   10559	1660.0
   213	   10609	1734.0
   214	   10659	1458.0
   215	   10709	1620.0
   216	   10759	1960.0
   217	   10809	1665.0
   218	   10859	1674.0
   219	   10909	1734.0
   220	   10959	1747.0
   221	   11009	1705.0
   222	   11059	1861.0
   223	   11109	1679.0
   224	   11159	1655.0
   225	   11209	1849.0
   226	   11259	1646.0
   227	   11310	1798.0
   228	   11359	1660.0
   229	   11409	1663.0
   230	   11459	1749.0
   231	   11509	1519.0
   232	   11559	1642.0
   233	   11609	1757.0
   234	   11659	1673.0
   235	   11709	1664.0
   236	   11759	1686.0
   237	   11809	1803.0
   238	   11860	1604.0
   239	   11909	1611.0
   240	   11959	1673.0
   241	   12009	1550.0
   242	   12059	1608.0
   243	   12109	1651.0
   244	   12159	1631.0
   245	   12210	1483.0
   246	   12259	1563.0
   247	   12309	1500.0
   248	   12359	1785.0
   249	   12409	1622.0
   250	   12460	1959.0
   251	   12509	1534.0
   252	   12559	1512.0
   253	   12609	1763.0
   254	   12659	1633.0
   255	   12709	1825.0
   256	   12759	1516.0
   257	   12809	1757.0
   258	   12859	1645.0
   259	   12909	1780.0
   260	   12960	1651.0
   261	   13009	1817.0
   262	   13059	1816.0
   263	   13109	1762.0
   264	   13159	1649.0
   265	   13209	1817.0
   266	   13259	1663.0
   267	   13309	1666.0
   268	   13359	1770.0
   269	   13409	1819.0
   270	   13459	1714.0
   271	   13509	1793.0
   272	   13559	1829.0
   273	   13609	1575.0
   274	   13659	1843.0
   275	   13711	1664.0
   276	   13759	1794.0
   277	   13809	1911.0
   278	   13859	1707.0
   279	   13909	1780.0
   280	   13959	1915.0
   281	   14011	1677.0
   282	   14059	1715.0
   283	   14109	1577.0
   284	   14159	1917.0
   285	   14209	1687.0
   286	   14259	1798.0
   287	   14309	1644.0
   288	   14359	1731.0
   289	   14409	1564.0
   290	   14459	1539.0
   291	   14509	1368.0
   292	   14559	1693.0
   293	   14608	1799.0
   294	   14659	1529.0
   295	   14709	1698.0
   296	   14758	1680.0
   297	   14808	1927.0
   298	   14859	1804.0
   299	   14909	1782.0
   300	   14958	1735.0
   301	   15008	1499.0
   302	   15058	1747.0
   303	   15108	1666.0
   304	   15159	1608.0
   305	   15209	1632.0
   306	   15258	1658.0
   307	   15308	1828.0
   308	   15358	1659.0
   309	   15408	1606.0
   310	   15458	1676.0
   311	   15508	1667.0
   312	   15559	1755.0
   313	   15609	1806.0
   314	   15658	1797.0
   315	   15709	1848.0
   316	   15758	1728.0
   317	   15809	1804.0
   318	   15858	1515.0
   319	   15910	1799.0
   320	   15959	1781.0
   321	   16009	1817.0
   322	   16058	1742.0
   323	   16109	1831.0
   324	   16158	1526.0
   325	   16210	1861.0
   326	   16258	1825.0
   327	   16309	1846.0
   328	   16361	1593.0
   329	   16408	1754.0
   330	   16458	1833.0
   331	   16508	1835.0
   332	   16558	1916.0
   333	   16610	1833.0
   334	   16658	1748.0
   335	   16709	1698.0
   336	   16760	1757.0
   337	   16809	1475.0
   338	   16858	1804.0
   339	   16908	1658.0
   340	   16961	1693.0
   341	   17011	1605.0
   342	   17059	1801.0
   343	   17110	1676.0
   344	   17158	1836.0
   345	   17208	1871.0
   346	   17258	1489.0
   347	   17308	1940.0
   348	   17360	1814.0
   349	   17408	1774.0
   350	   17459	1849.0
   351	   17508	1667.0
   352	   17560	1899.0
   353	   17610	1672.0
   354	   17658	1653.0
   355	   17708	1663.0
   356	   17758	1708.0
   357	   17811	1680.0
   358	   17858	1739.0
   359	   17908	1992.0
   360	   17958	1745.0
   361	   18008	1569.0
   362	   18058	1962.0
   363	   18111	1934.0
   364	   18159	1723.0
   365	   18208	1936.0
   366	   18258	1632.0
   367	   18311	1668.0
   368	   18360	1860.0
   369	   18408	1570.0
   370	   18460	1651.0
   371	   18511	1785.0
   372	   18561	1797.0
   373	   18610	1697.0
   374	   18660	1717.0
   375	   18710	1734.0
   376	   18760	1565.0
   377	   18810	1692.0
   378	   18861	1571.0
   379	   18910	1762.0
   380	   18960	1624.0
   381	   19010	1999.0
   382	   19060	1677.0
   383	   19110	1843.0
   384	   19160	1556.0
   385	   19210	1560.0
   386	   19261	1658.0
   387	   19310	1918.0
   388	   19360	1695.0
   389	   19410	1637.0
   390	   19460	1701.0
   391	   19511	1670.0
   392	   19560	1525.0
   393	   19610	1692.0
   394	   19660	1734.0
   395	   19710	1775.0
   396	   19760	1755.0
   397	   19810	1499.0
   398	   19860	1726.0
   399	   19910	1909.0
   400	   19961	1695.0
   401	   20010	1714.0
   402	   20060	1726.0
   403	   20110	1837.0
   404	   20160	1568.0
   405	   20210	1764.0
   406	   20261	1806.0
   407	   20310	1726.0
   408	   20361	1928.0
   409	   20410	1672.0
   410	   20460	1606.0
   411	   20510	1523.0
   412	   20560	1812.0
   413	   20610	1677.0
   414	   20660	1997.0
   415	   20711	1780.0
   416	   20760	1716.0
   417	   20810	1845.0
   418	   20860	1790.0
   419	   20910	1731.0
   420	   20960	1720.0
   421	   21010	1659.0
   422	   21060	1640.0
   423	   21111	1726.0
   424	   21160	1826.0
   425	   21212	1720.0
   426	   21261	1599.0
   427	   21311	1633.0
   428	   21361	1724.0
   429	   21411	1739.0
   430	   21462	1636.0
   431	   21511	1963.0
   432	   21561	1680.0
   433	   21611	1577.0
   434	   21661	1557.0
   435	   21712	1783.0
   436	   21761	1664.0
   437	   21812	1681.0
   438	   21861	1720.0
   439	   21911	1776.0
   440	   21961	1148.0
   441	   22011	1910.0
   442	   22061	1813.0
   443	   22111	1503.0
   444	   22161	1940.0
   445	   22212	1712.0
   446	   22261	1876.0
   447	   22311	1869.0
   448	   22361	1863.0
   449	   22411	1502.0
   450	   22461	1661.0
   451	   22511	1789.0
   452	   22562	1674.0
   453	   22611	1604.0
   454	   22661	1853.0
   455	   22711	1706.0
   456	   22761	1621.0
   457	   22811	1916.0
   458	   22861	1873.0
   459	   22911	1635.0
   460	   22961	1861.0
   461	   23011	1722.0
   462	   23061	1864.0
   463	   23111	1788.0
   464	   23161	1553.0
   465	   23211	1474.0
   466	   23261	1707.0
   467	   23311	1699.0
   468	   23361	1496.0
   469	   23412	1842.0
   470	   23461	1799.0
   471	   23511	1476.0
   472	   23561	1695.0
   473	   23611	1676.0
   474	   23661	1652.0
   475	   23712	1847.0
   476	   23761	1716.0
   477	   23811	1696.0
   478	   23861	1718.0
   479	   23911	1748.0
   480	   23961	1576.0
   481	   24011	1879.0
   482	   24062	1822.0
   483	   24111	1734.0
   484	   24161	1755.0
   485	   24212	1608.0
   486	   24261	1780.0
   487	   24311	1585.0
   488	   24361	1756.0
   489	   24412	1580.0
   490	   24461	1648.0
   491	   24511	1843.0
   492	   24561	1360.0
   493	   24611	1828.0
   494	   24661	1666.0
   495	   24711	1764.0
   496	   24761	1817.0
   497	   24811	1774.0
   498	   24861	1860.0
   499	   24911	1671.0
   500	   24961	1729.0
   501	   25011	1830.0
   502	   25061	1939.0
   503	   25111	3917.0
   504	   25161	4080.0
   505	   25211	4080.0
   506	   25261	4080.0
   507	   25311	3989.0
   508	   25361	4080.0
   509	   25411	4080.0
   510	   25461	4080.0
   511	   25512	4080.0
   512	   25561	4080.0
   513	   25609	4080.0
   514	   25661	4080.0
   515	   25709	4065.0
   516	   25759	3938.0
   517	   25809	4080.0
   518	   25859	4080.0
   519	   25909	4080.0
   520	   25961	4080.0
   521	   26009	4080.0
   522	   26059	4080.0
   523	   26109	4080.0
   524	   26159	4080.0
   525	   26209	4080.0
   526	   26259	4080.0
   527	   26309	4080.0
   528	   26359	4018.0
   529	   26409	4080.0
   530	   26459	3906.0
   531	   26509	4025.0
   532	   26559	4080.0
   533	   26609	4051.0
   534	   2665