Cycle	Time	Value
     1	      13	1613.0
     2	      62	1405.0
     3	     112	1443.0
     4	     162	1671.0
     5	     213	1515.0
     6	     262	1299.0
     7	     312	1469.0
     8	     363	1648.0
     9	     412	1479.0
    10	     462	1563.0
    11	     512	1439.0
    12	     562	1540.0
    13	     613	1563.0
    14	     663	1448.0
    15	     712	1484.0
    16	     762	1398.0
    17	     812	1425.0
    18	     862	1338.0
    19	     912	1274.0
    20	     962	1706.0
    21	    1014	1577.0
    22	    1064	1410.0
    23	    1112	1586.0
    24	    1162	1315.0
    25	    1212	1364.0
    26	    1262	1616.0
    27	    1312	1466.0
    28	    1363	1588.0
    29	    1412	1598.0
    30	    1462	1722.0
    31	    1512	1435.0
    32	    1562	1466.0
    33	    1612	1179.0
    34	    1662	1427.0
    35	    1712	1416.0
    36	    1762	1459.0
    37	    1812	1526.0
    38	    1863	1581.0
    39	    1912	1399.0
    40	    1962	1442.0
    41	    2012	1355.0
    42	    2062	1388.0
    43	    2112	1382.0
    44	    2162	1534.0
    45	    2212	1495.0
    46	    2262	1504.0
    47	    2313	1505.0
    48	    2362	1529.0
    49	    2412	1478.0
    50	    2462	1550.0
    51	    2513	1270.0
    52	    2563	1530.0
    53	    2612	1531.0
    54	    2662	1676.0
    55	    2712	1596.0
    56	    2762	1588.0
    57	    2813	1228.0
    58	    2862	1300.0
    59	    2912	1028.0
    60	    2962	1021.0
    61	    3012	761.0
    62	    3062	809.0
    63	    3114	511.0
    64	    3162	521.0
    65	    3212	449.0
    66	    3263	393.0
    67	    3313	427.0
    68	    3363	396.0
    69	    3413	466.0
    70	    3463	419.0
    71	    3513	429.0
    72	    3563	281.0
    73	    3613	273.0
    74	    3663	292.0
    75	    3714	272.0
    76	    3763	278.0
    77	    3813	263.0
    78	    3863	238.0
    79	    3913	237.0
    80	    3963	215.0
    81	    4013	247.0
    82	    4063	228.0
    83	    4113	252.0
    84	    4163	317.0
    85	    4213	297.0
    86	    4264	243.0
    87	    4313	296.0
    88	    4364	260.0
    89	    4413	215.0
    90	    4463	389.0
    91	    4513	283.0
    92	    4563	444.0
    93	    4613	427.0
    94	    4663	429.0
    95	    4713	569.0
    96	    4763	416.0
    97	    4813	540.0
    98	    4863	502.0
    99	    4913	571.0
   100	    4963	781.0
   101	    5013	862.0
   102	    5063	974.0
   103	    5113	1069.0
   104	    5163	1126.0
   105	    5213	1355.0
   106	    5263	1280.0
   107	    5313	1444.0
   108	    5363	1389.0
   109	    5413	1725.0
   110	    5463	1467.0
   111	    5513	1594.0
   112	    5563	1453.0
   113	    5613	1489.0
   114	    5663	1535.0
   115	    5713	1394.0
   116	    5763	1838.0
   117	    5813	1704.0
   118	    5863	1590.0
   119	    5913	1694.0
   120	    5963	1549.0
   121	    6013	1731.0
   122	    6063	1786.0
   123	    6113	1738.0
   124	    6163	1699.0
   125	    6214	1396.0
   126	    6263	1640.0
   127	    6313	1617.0
   128	    6363	1672.0
   129	    6413	1530.0
   130	    6464	1746.0
   131	    6513	1409.0
   132	    6563	1773.0
   133	    6613	1805.0
   134	    6663	1615.0
   135	    6715	1698.0
   136	    6763	1576.0
   137	    6813	1607.0
   138	    6863	1696.0
   139	    6913	1570.0
   140	    6965	1503.0
   141	    7013	1350.0
   142	    7063	1496.0
   143	    7113	1498.0
   144	    7163	1469.0
   145	    7213	1605.0
   146	    7263	1414.0
   147	    7313	1699.0
   148	    7363	1456.0
   149	    7413	1404.0
   150	    7464	1716.0
   151	    7515	1581.0
   152	    7563	1547.0
   153	    7613	1644.0
   154	    7663	1563.0
   155	    7715	1507.0
   156	    7763	1456.0
   157	    7813	1797.0
   158	    7863	1515.0
   159	    7914	1646.0
   160	    7963	1760.0
   161	    8013	1664.0
   162	    8063	1630.0
   163	    8113	1416.0
   164	    8164	1671.0
   165	    8213	1496.0
   166	    8263	1511.0
   167	    8313	1782.0
   168	    8363	1693.0
   169	    8413	1530.0
   170	    8463	1625.0
   171	    8513	1691.0
   172	    8563	1707.0
   173	    8613	1419.0
   174	    8664	1742.0
   175	    8713	1771.0
   176	    8763	1628.0
   177	    8813	1492.0
   178	    8863	1656.0
   179	    8914	1726.0
   180	    8963	1610.0
   181	    9013	1667.0
   182	    9063	1631.0
   183	    9113	1607.0
   184	    9165	1628.0
   185	    9212	1711.0
   186	    9263	1747.0
   187	    9315	1528.0
   188	    9363	1585.0
   189	    9413	1451.0
   190	    9463	1542.0
   191	    9513	1725.0
   192	    9563	1631.0
   193	    9613	1697.0
   194	    9663	1642.0
   195	    9713	1761.0
   196	    9763	1623.0
   197	    9813	1650.0
   198	    9863	1425.0
   199	    9913	1674.0
   200	    9963	1601.0
   201	   10019	1543.0
   202	   10063	1681.0
   203	   10113	1731.0
   204	   10163	1717.0
   205	   10213	1734.0
   206	   10263	1694.0
   207	   10312	1697.0
   208	   10362	1719.0
   209	   10413	1714.0
   210	   10463	1543.0
   211	   10513	1594.0
   212	   10562	1704.0
   213	   10612	1684.0
   214	   10663	1641.0
   215	   10713	1642.0
   216	   10763	1644.0
   217	   10813	1341.0
   218	   10865	1729.0
   219	   10913	1558.0
   220	   10965	1743.0
   221	   11013	1683.0
   222	   11062	1494.0
   223	   11113	1561.0
   224	   11162	1495.0
   225	   11212	1518.0
   226	   11263	1549.0
   227	   11312	1511.0
   228	   11456	1532.0
   229	   11462	1545.0
   230	   11508	1729.0
   231	   11557	1793.0
   232	   11603	1662.0
   233	   11649	1568.0
   234	   11695	1847.0
   235	   11740	1702.0
   236	   11788	1550.0
   237	   11832	1642.0
   238	   11881	1595.0
   239	   11927	1475.0
   240	   11973	1676.0
   241	   12018	1590.0
   242	   12065	1726.0
   243	   12112	1537.0
   244	   12162	1429.0
   245	   12212	1612.0
   246	   12262	1465.0
   247	   12313	1775.0
   248	   12362	1661.0
   249	   12412	1585.0
   250	   12462	1649.0
   251	   12512	1809.0
   252	   12562	1563.0
   253	   12614	1600.0
   254	   12664	1816.0
   255	   12712	1537.0
   256	   12764	1661.0
   257	   12814	1693.0
   258	   12863	1494.0
   259	   12912	1550.0
   260	   12964	1520.0
   261	   13014	1445.0
   262	   13064	1819.0
   263	   13112	1677.0
   264	   13164	1536.0
   265	   13214	1597.0
   266	   13265	1659.0
   267	   13314	1721.0
   268	   13362	1562.0
   269	   13412	1601.0
   270	   13464	1714.0
   271	   13515	1560.0
   272	   13565	1720.0
   273	   13614	1505.0
   274	   13665	1508.0
   275	   13714	1571.0
   276	   13765	1609.0
   277	   13812	1637.0
   278	   13862	1721.0
   279	   13912	1716.0
   280	   13962	1420.0
   281	   14012	1757.0
   282	   14062	1645.0
   283	   14112	1536.0
   284	   14162	1687.0
   285	   14212	1498.0
   286	   14263	1581.0
   287	   14312	1499.0
   288	   14362	1833.0
   289	   14412	1389.0
   290	   14463	1443.0
   291	   14513	1679.0
   292	   14562	1557.0
   293	   14612	1619.0
   294	   14662	1562.0
   295	   14713	1561.0
   296	   14763	1570.0
   297	   14812	1542.0
   298	   14862	1655.0
   299	   14912	1758.0
   300	   14962	1691.0
   301	   15012	1641.0
   302	   15062	1443.0
   303	   15112	1804.0
   304	   15162	1536.0
   305	   15212	1365.0
   306	   15262	1694.0
   307	   15312	1500.0
   308	   15362	1608.0
   309	   15412	1694.0
   310	   15463	1537.0
   311	   15512	1519.0
   312	   15563	1532.0
   313	   15612	1671.0
   314	   15662	1559.0
   315	   15712	1449.0
   316	   15762	1596.0
   317	   15812	1553.0
   318	   15862	1559.0
   319	   15912	1466.0
   320	   15963	1282.0
   321	   16012	1394.0
   322	   16117	1321.0
   323	   16138	1558.0
