Cycle	Time	Value
     1	      44	0.0
     2	      94	0.0
     3	     144	0.0
     4	     194	0.0
     5	     244	0.0
     6	     294	0.0
     7	     344	0.0
     8	     396	0.0
     9	     444	0.0
    10	     494	0.0
    11	     544	0.0
    12	     594	0.0
    13	     644	0.0
    14	     695	0.0
    15	     744	0.0
    16	     794	0.0
    17	     845	0.0
    18	     894	0.0
    19	     944	0.0
    20	     994	0.0
    21	    1044	0.0
    22	    1094	0.0
    23	    1144	0.0
    24	    1194	0.0
    25	    1244	0.0
    26	    1294	0.0
    27	    1344	0.0
    28	    1394	0.0
    29	    1444	0.0
    30	    1494	0.0
    31	    1544	0.0
    32	    1594	0.0
    33	    1644	0.0
    34	    1694	0.0
    35	    1744	0.0
    36	    1795	0.0
    37	    1844	0.0
    38	    1894	0.0
    39	    1944	0.0
    40	    1994	0.0
    41	    2044	0.0
    42	    2094	0.0
    43	    2144	0.0
    44	    2194	0.0
    45	    2245	0.0
    46	    2295	0.0
    47	    2344	0.0
    48	    2394	0.0
    49	    2444	0.0
    50	    2494	0.0
    51	    2545	0.0
    52	    2594	0.0
    53	    2644	0.0
    54	    2694	0.0
    55	    2744	0.0
    56	    2794	0.0
    57	    2844	0.0
    58	    2894	0.0
    59	    2944	0.0
    60	    2994	0.0
    61	    3044	0.0
    62	    3094	0.0
    63	    3144	1.0
    64	    3194	0.0
    65	    3244	0.0
    66	    3294	0.0
    67	    3344	0.0
    68	    3394	0.0
    69	    3444	0.0
    70	    3494	0.0
    71	    3544	0.0
    72	    3594	0.0
    73	    3644	0.0
    74	    3694	0.0
    75	    3744	0.0
    76	    3794	0.0
    77	    3844	0.0
    78	    3894	0.0
    79	    3944	0.0
    80	    3994	0.0
    81	    4044	0.0
    82	    4095	0.0
    83	    4144	0.0
    84	    4194	0.0
    85	    4244	0.0
    86	    4294	0.0
    87	    4344	0.0
    88	    4395	0.0
    89	    4444	0.0
    90	    4494	0.0
    91	    4544	0.0
    92	    4594	0.0
    93	    4644	0.0
    94	    4694	0.0
    95	    4744	0.0
    96	    4794	0.0
    97	    4844	0.0
    98	    4894	0.0
    99	    4944	0.0
   100	    4994	0.0
   101	    5044	0.0
   102	    5094	0.0
   103	    5144	0.0
   104	    5195	0.0
   105	    5245	0.0
   106	    5295	0.0
   107	    5345	0.0
   108	    5395	0.0
   109	    5445	0.0
   110	    5495	0.0
   111	    5545	0.0
   112	    5595	0.0
   113	    5645	0.0
   114	    5695	0.0
   115	    5745	0.0
   116	    5795	0.0
   117	    5845	0.0
   118	    5895	0.0
   119	    5946	0.0
   120	    5995	0.0
   121	    6045	0.0
   122	    6095	0.0
   123	    6145	0.0
   124	    6195	0.0
   125	    6245	0.0
   126	    6295	0.0
   127	    6345	0.0
   128	    6395	0.0
   129	    6445	0.0
   130	    6495	0.0
   131	    6543	0.0
   132	    6593	0.0
   133	    6643	0.0
   134	    6693	0.0
   135	    6743	0.0
   136	    6793	0.0
   137	    6843	0.0
   138	    6893	0.0
   139	    6943	0.0
   140	    6993	0.0
   141	    7043	0.0
   142	    7093	0.0
   143	    7143	0.0
   144	    7193	0.0
   145	    7243	0.0
   146	    7293	0.0
   147	    7343	0.0
   148	    7393	0.0
   149	    7445	0.0
   150	    7493	0.0
   151	    7543	0.0
   152	    7593	0.0
   153	    7643	0.0
   154	    7693	0.0
   155	    7743	0.0
   156	    7793	0.0
   157	    7843	0.0
   158	    7893	0.0
   159	    7943	0.0
   160	    7993	0.0
   161	    8043	0.0
   162	    8093	0.0
   163	    8143	0.0
   164	    8193	0.0
   165	    8243	0.0
   166	    8293	0.0
   167	    8343	0.0
   168	    8393	0.0
   169	    8445	0.0
   170	    8493	0.0
   171	    8543	0.0
   172	    8593	0.0
   173	    8644	0.0
   174	    8693	0.0
   175	    8743	0.0
   176	    8793	0.0
   177	    8843	0.0
   178	    8893	0.0
   179	    8943	0.0
   180	    8993	0.0
   181	    9043	0.0
   182	    9093	0.0
   183	    9143	0.0
   184	    9193	0.0
   185	    9243	0.0
   186	    9293	0.0
   187	    9343	0.0
   188	    9395	0.0
   189	    9443	0.0
   190	    9493	0.0
   191	    9543	0.0
   192	    9593	0.0
   193	    9645	0.0
   194	    9693	0.0
   195	    9743	0.0
   196	    9793	0.0
   197	    9843	0.0
   198	    9893	0.0
   199	    9943	0.0
   200	    9993	0.0
   201	   10043	0.0
   202	   10093	0.0
   203	   10143	0.0
   204	   10193	0.0
   205	   10242	0.0
   206	   10293	0.0
   207	   10342	0.0
   208	   10392	0.0
   209	   10444	0.0
   210	   10492	0.0
   211	   10542	0.0
   212	   10592	0.0
   213	   10642	0.0
   214	   10692	0.0
   215	   10742	0.0
   216	   10792	0.0
   217	   10842	0.0
   218	   10892	0.0
   219	   10942	0.0
   220	   10994	0.0
   221	   11042	0.0
   222	   11094	0.0
   223	   11142	0.0
   224	   11192	0.0
   225	   11242	0.0
   226	   11292	0.0
   227	   11344	0.0
   228	   11392	0.0
   229	   11442	0.0
   230	   11492	0.0
   231	   11544	0.0
   232	   11594	0.0
   233	   11642	0.0
   234	   11692	0.0
   235	   11744	0.0
   236	   11796	0.0
   237	   11843	0.0
   238	   11892	0.0
   239	   11944	0.0
   240	   11994	0.0
   241	   12044	0.0
   242	   12094	0.0
   243	   12144	0.0
   244	   12194	0.0
   245	   12242	0.0
   246	   12295	0.0
   247	   12342	0.0
   248	   12392	0.0
   249	   12442	0.0
   250	   12494	0.0
   251	   12545	0.0
   252	   12592	0.0
   253	   12644	0.0
   254	   12694	0.0
   255	   12744	0.0
   256	   12794	0.0
   257	   12842	0.0
   258	   12895	0.0
   259	   12944	0.0
   260	   12995	0.0
   261	   13044	0.0
   262	   13092	0.0
   263	   13142	0.0
   264	   13194	0.0
   265	   13244	0.0
   266	   13294	0.0
   267	   13342	0.0
   268	   13393	0.0
   269	   13444	0.0
   270	   13494	0.0
   271	   13544	0.0
   272	   13594	0.0
   273	   13645	0.0
   274	   13694	0.0
   275	   13744	0.0
   276	   13794	0.0
   277	   13844	0.0
   278	   13894	0.0
   279	   13944	0.0
   280	   13995	0.0
   281	   14044	0.0
   282	   14095	0.0
   283	   14144	0.0
   284	   14194	0.0
   285	   14245	0.0
   286	   14294	0.0
   287	   14344	0.0
   288	   14394	0.0
   289	   14444	0.0
   290	   14495	0.0
   291	   14544	0.0
   292	   14594	0.0
   293	   14644	0.0
   294	   14694	0.0
   295	   14745	0.0
   296	   14794	0.0
   297	   14844	0.0
   298	   14894	0.0
   299	   14944	0.0
   300	   14994	0.0
   301	   15044	0.0
   302	   15094	0.0
   303	   15144	0.0
   304	   15194	0.0
   305	   15244	0.0
   306	   15294	0.0
   307	   15344	0.0
   308	   15394	0.0
   309	   15444	0.0
   310	   15494	0.0
   311	   15544	0.0
   312	   15594	0.0
   313	   15644	0.0
   314	   15694	0.0
   315	   15744	0.0
   316	   15794	0.0
   317	   15844	0.0
   318	   15894	0.0
   319	   15945	0.0
   320	   15994	0.0
   321	   16044	0.0
   322	   16094	0.0
   323	   16144	0.0
   324	   16195	0.0
   325	   16244	0.0
   326	   16294	0.0
   327	   16344	0.0
   328	   16394	0.0
   329	   16445	0.0
   330	   16494	0.0
   331	   16544	0.0
   332	   16595	0.0
   333	   16644	0.0
   334	   16694	0.0
   335	   16744	0.0
   336	   16794	0.0
   337	   16844	0.0
   338	   16894	0.0
   339	   16944	0.0
   340	   16994	0.0
   341	   17044	0.0
   342	   17094	0.0
   343	   17144	0.0
   344	   17194	0.0
   345	   17244	0.0
   346	   17294	0.0
   347	   17344	0.0
   348	   17394	0.0
   349	   17444	0.0
   350	   17494	0.0
   351	   17544	0.0
   352	   17594	0.0
   353	   17645	0.0
   354	   17694	0.0
   355	   17744	0.0
   356	   17795	0.0
   357	   17844	0.0
   358	   17894	0.0
   359	   17944	0.0
   360	   17994	0.0
   361	   18044	0.0
   362	   18094	0.0
   363	   18145	0.0
   364	   18194	0.0
   365	   18244	0.0
   366	   18294	0.0
   367	   18344	0.0
   368	   18394	0.0
   369	   18445	0.0
   370	   18494	0.0
   371	   18544	0.0
   372	   18594	0.0
   373	   18644	0.0
   374	   18695	0.0
   375	   18744	0.0
   376	   18794	0.0
   377	   18844	0.0
   378	   18894	0.0
   379	   18944	0.0
   380	   18994	0.0
   381	   19044	0.0
   382	   19094	0.0
   383	   19144	0.0
   384	   19194	0.0
   385	   19244	0.0
   386	   19294	0.0
   387	   19344	0.0
   388	   19394	112.0
   389	   19444	1290.0
   390	   19494	1438.0
   391	   19544	1476.0
   392	   19594	1441.0
   393	   19645	1682.0
   394	   19694	1527.0
   395	   19744	1586.0
   396	   19794	1565.0
   397	   19845	1779.0
   398	   19894	1868.0
   399	   19944	1522.0
   400	   19994	1721.0
   401	   20044	1798.0
   402	   20094	1710.0
   403	   20144	1538.0
   404	   20194	1830.0
   405	   20244	1651.0
   406	   20295	1498.0
   407	   20344	1626.0
   408	   20394	1913.0
   409	   20444	1506.0
   410	   20494	1773.0
   411	   20544	1745.0
   412	   20594	1737.0
   413	   20644	1719.0
   414	   20694	1857.0
   415	   20744	1804.0
   416	   20794	1711.0
   417	   20844	1530.0
   418	   20894	1849.0
   419	   20944	1854.0
   420	   20994	1739.0
   421	   21044	1795.0
   422	   21094	1745.0
   423	   21144	1785.0
   424	   21194	1975.0
   425	   21244	1764.0
   426	   21294	1812.0
   427	   21344	1649.0
   428	   21395	1766.0
   429	   21444	1714.0
   430	   21495	1764.0
   431	   21544	1663.0
   432	   21594	1669.0
   433	   21644	1646.0
   434	   21694	1659.0
   435	   21744	1500.0
   436	   21794	1608.0
   437	   21844	1719.0
   438	   21894	1656.0
   439	   21944	1487.0
   440	   21994	1650.0
   441	   22044	1624.0
   442	   22094	1521.0
   443	   22144	1496.0
   444	   22194	1512.0
   445	   22244	1655.0
   446	   22294	1519.0
   447	   22344	1521.0
   448	   22394	1570.0
   449	   22444	1569.0
   450	   22494	1185.0
   451	   22544	1498.0
   452	   22594	1506.0
   453	   22644	1379.0
   454	   22695	1307.0
   455	   22745	1557.0
   456	   22795	1438.0
   457	   22845	1618.0
   458	   22895	1337.0
   459	   22945	1612.0
   460	   22995	1532.0
   461	   23045	1347.0
   462	   23095	1440.0
   463	   23145	1528.0
   464	   23195	1348.0
   465	   23247	1496.0
   466	   23295	1463.0
   467	   23346	1300.0
   468	   23395	1405.0
   469	   23445	1411.0
   470	   23495	1461.0
   471	   23545	1338.0
   472	   23595	1495.0
   473	   23645	1500.0
   474	   23695	1509.0
   475	   23745	1797.0
   476	   23795	1398.0
   477	   23845	1668.0
   478	   23895	1613.0
   479	   23945	1580.0
   480	   23993	1743.0
   481	   24043	1629.0
   482	   24093	1543.0
   483	   24143	1663.0
   484	   24193	1692.0
   485	   24243	1682.0
   486	   24293	1769.0
   487	   24343	1785.0
   488	   24393	1686.0
   489	   24443	1658.0
   490	   24493	1569.0
   491	   24543	1585.0
   492	   24593	1628.0
   493	   24643	1607.0
   494	   24693	1650.0
   495	   24743	1669.0
   496	   24793	1534.0
   497	   24843	1746.0
   498	   24893	1568.0
   499	   24943	1730.0
   500	   24995	1626.0
   501	   25043	1055.0
   502	   25093	1337.0
   503	   25143	1699.0
   504	   25193	1736.0
   505	   25245	1809.0
   506	   25293	1772.0
   507	   25343	1788.0
   508	   25393	1554.0
   509	   25443	1883.0
   510	   25495	1482.0
   511	   25543	1417.0
   512	   25593	1623.0
   513	   25643	1525.0
   514	   25693	1618.0
   515	   25745	1638.0
   516	   25793	1599.0
   517	   25843	1890.0
   518	   25893	1764.0
   519	   25943	1590.0
   520	   25995	1827.0
   521	   26043	1751.0
   522	   26093	1755.0
   523	   26143	1689.0
   524	   26193	1754.0
   525	   26243	1694.0
   526	   26293	1603.0
   527	   26343	1828.0
   528	   26393	1969.0
   529	   26443	1623.0
   530	   26492	1721.0
   531	   26542	1837.0
   532	   26593	1592.0
   533	   26643	1676.0
   534	   26693	1777.0
   535	   26742	1773.0
   536	   26793	1864.0
   537	   26843	1797.0
   538	   26893	1961.0
   539	   26945	1568.0
   540	   26993	1830.0
   541	   27043	1563.0
   542	   27093	1633.0
   543	   27143	1737.0
   544	   27195	1555.0
   545	   27243	2022.0
   546	   27293	1590.0
   547	   27343	1735.0
   548	   27393	1932.0
   549	   27444	1723.0
   550	   27493	1783.0
   551	   27543	1796.0
   552	   27593	1702.0
   553	   27643	1666.0
   554	   27695	2071.0
   555	   27743	1922.0
   556	   27793	2009.0
   557	   27843	2046.0
   558	   27893	1590.0
   559	   27945	1109.0
   560	   27993	845.0
   561	   28045	732.0
   562	   28093	618.0
   563	   28143	586.0
   564	   28193	562.0
   565	   28242	544.0
   566	   28292	527.0
   567	   28342	514.0
   568	   28392	502.0
   569	   28442	492.0
   570	   28492	483.0
   571	   28542	475.0
   572	   28594	467.0
   573	   28642	461.0
   574	   28692	455.0
   575	   28742	444.0
   576	   28793	439.0
   577	   28842	434.0
   578	   28892	430.0
   579	   28943	426.0
   580	   28992	422.0
   581	   29042	418.0
   582	   29092	413.0
   583	   29144	410.0
   584	   29192	407.0
   585	   29242	404.0
   586	   29292	400.0
   587	   29342	397.0
   588	   29394	392.0
   589	   29442	390.0
   590	   29495	388.0
   591	   29543	385.0
   592	   29594	384.0
   593	   29645	383.0
   594	   29694	381.0
   595	   29743	380.0
   596	   29794	380.0
   597	   29845	378.0
   598	   29892	378.0
   599	   29944	375.0
   600	   29994	375.0
   601	   30044	374.0
   602	   30094	373.0
   603	   30144	373.0
   604	   30192	371.0
   605	   30244	371.0
   606	   30294	370.0
   607	   30344	370.0
   608	   30394	369.0
   609	   30444	368.0
   610	   30494	367.0
   611	   30544	368.0
   612	   30595	366.0
   613	   30644	366.0
   614	   30694	366.0
   615	   30745	366.0
   616	   30794	365.0
   617	   30844	364.0
   618	   30894	364.0
   619	   30944	364.0
   620	   30994	363.0
   621	   31044	362.0
   622	   31094	362.0
   623	   31144	361.0
   624	   31194	361.0
   625	   31244	361.0
   626	   31294	361.0
   627	   31345	360.0
   628	   31394	359.0
   629	   31444	359.0
   630	   31495	359.0
   631	   31544	358.0
   632	   31594	359.0
   633	   31644	357.0
   634	   31694	357.0
   635	   31744	357.0
   636	   31794	356.0
   637	   31844	357.0
   638	   31894	356.0
   639	   31944	356.0
   640	   31994	356.0
   641	   32045	356.0
   642	   32094	355.0
   643	   32144	354.0
   644	   32194	354.0
   645	   32244	354.0
   646	   32294	354.0
   647	   32344	353.0
   648	   32394	354.0
   649	   32445	352.0
   650	   32494	354.0
   651	   32544	352.0
   652	   32595	352.0
   653	   32644	352.0
   654	   32694	351.0
   655	   32744	351.0
   656	   32794	352.0
   657	   32844	350.0
   658	   32894	350.0
   659	   32944	351.0
   660	   32994	350.0
   661	   33044	351.0
   662	   33094	349.0
   663	   33144	348.0
   664	   33194	349.0
   665	   33244	349.0
   666	   33294	348.0
   667	   33345	347.0
   668	   33394	348.0
   669	   33444	349.0
   670	   33495	347.0
   671	   33544	347.0
   672	   33594	347.0
   673	   33644	346.0
   674	   33694	347.0
   675	   33744	346.0
   676	   33794	346.0
   677	   33844	347.0
   678	   33894	346.0
   679	   33944	346.0
   680	   33994	346.0
   681	   34044	345.0
   682	   34094	344.0
   683	   34144	344.0
   684	   34194	345.0
   685	   34244	344.0
   686	   34295	344.0
   687	   34344	345.0
   688	   34394	343.0
   689	   34446	345.0
   690	   34494	345.0
   691	   34544	343.0
   692	   34594	343.0
   693	   34644	343.0
   694	   34694	342.0
   695	   34744	344.0
   696	   34794	342.0
   697	   34844	343.0
   698	   34894	343.0
   699	   34944	343.0
   700	   34994	343.0
   701	   35044	342.0
   702	   35094	343.0
   703	   35144	343.0
   704	   35194	341.0
   705	   35244	341.0
   706	   35294	340.0
   707	   35344	340.0
   708	   35395	340.0
   709	   35444	342.0
   710	   35494	340.0
   711	   35544	341.0
   712	   35594	339.0
   713	   35644	339.0
   714	   35695	338.0
   715	   35744	339.0
   716	   35794	340.0
   717	   35844	340.0
   718	   35894	340.0
   719	   35945	338.0
   720	   35994	339.0
   721	   36044	338.0
   722	   36094	340.0
   723	   36145	339.0
   724	   36194	338.0
   725	   36244	337.0
   726	   36295	338.0
   727	   36344	336.0
   728	   36394	338.0
   729	   36444	337.0
   730	   36494	337.0
   731	   36544	337.0
   732	   36594	336.0
   733	   36644	338.0
   734	   36694	338.0
   735	   36744	338.0
   736	   36794	337.0
   737	   36844	337.0
   738	   36894	336.0
   739	   36944	335.0
   740	   36994	337.0
   741	   37045	336.0
   742	   37094	335.0
   743	   37144	335.0
   744	   37194	336.0
   745	   37245	337.0
   746	   37294	334.0
   747	   37344	336.0
   748	   37395	335.0
   749	   37444	336.0
   750	   37494	337.0
   751	   37544	336.0
   752	   37594	336.0
   753	   37644	334.0
   754	   37694	334.0
   755	   37744	335.0
   756	   37794	334.0
   757	   37844	333.0
   758	   37894	334.0
   759	   37944	335.0
   760	   37994	336.0
   761	   38044	334.0
   762	   38094	335.0
   763	   38145	335.0
   764	   38194	332.0
   765	   38244	334.0
   766	   38294	335.0
   767	   38344	333.0
   768	   38394	334.0
   769	   38445	334.0
   770	   38494	334.0
   771	   38544	333.0
   772	   38594	333.0
   773	   38644	332.0
   774	   38694	333.0
   775	   38744	334.0
   776	   38794	334.0
   777	   38845	333.0
   778	   38894	332.0
   779	   38944	331.0
   780	   38994	331.0
   781	   39044	333.0
   782	   39095	331.0
   783	   39144	332.0
   784	   39194	332.0
   785	   39244	331.0
   786	   39294	331.0
   787	   39345	333.0
   788	   39394	330.0
   789	   39444	332.0
   790	   39494	330.0
   791	   39544	331.0
   792	   39594	332.0
   793	   39644	329.0
   794	   39694	331.0
   795	   39744	332.0
   796	   39794	330.0
   797	   39845	331.0
   798	   39894	331.0
   799	   39944	329.0
   800	   39994	331.0
   801	   40044	329.0
   802	   40094	329.0
   803	   40144	330.0
   804	   40195	328.0
   805	   40245	330.0
   806	   40295	330.0
   807	   40345	328.0
   808	   40395	328.0
   809	   40445	330.0
   810	   40495	329.0
   811	   40545	328.0
   812	   40595	329.0
   813	   40645	329.0
   814	   40695	327.0
   815	   40745	328.0
   816	   40796	328.0
   817	   40845	327.0
   818	   40895	328.0
   819	   40946	327.0
   820	   40995	326.0
   821	   41046	329.0
   822	   41095	328.0
   823	   41145	329.0
   824	   41195	327.0
   825	   41245	326.0
   826	   41295	328.0
   827	   41345	327.0
   828	   41395	326.0
   829	   41445	327.0
   830	   41493	325.0
   831	   41543	328.0
   832	   41593	326.0
   833	   41643	325.0
   834	   41693	327.0
   835	   41743	328.0
   836	   41793	327.0
   837	   41843	325.0
   838	   41894	327.0
   839	   41943	325.0
   840	   41993	325.0
   841	   42044	326.0
   842	   42093	327.0
   843	   42143	324.0
   844	   42193	326.0
   845	   42243	326.0
   846	   42294	324.0
   847	   42343	326.0
   848	   42393	326.0
   849	   42443	325.0
   850	   42493	324.0
   851	   42544	326.0
   852	   42593	326.0
   853	   42643	323.0
   854	   42693	324.0
   855	   42743	326.0
   856	   42794	325.0
   857	   42843	324.0
   858	   42893	325.0
   859	   42943	326.0
   860	   42993	326.0
   861	   43045	325.0
   862	   43093	325.0
   863	   43143	324.0
   864	   43193	325.0
   865	   43243	325.0
   866	   43293	323.0
   867	   43343	322.0
   868	   43393	324.0
   869	   43443	322.0
   870	   43493	324.0
   871	   43543	322.0
   872	   43593	324.0
   873	   43643	323.0
   874	   43693	321.0
   875	   43744	323.0
   876	   43793	323.0
   877	   43843	321.0
   878	   43893	324.0
   879	   43943	322.0
   880	   43993	321.0
   881	   44043	321.0
   882	   44093	323.0
   883	   44143	323.0
   884	   44193	323.0
   885	   44243	323.0
   886	   44295	323.0
   887	   44343	321.0
   888	   44393	321.0
   889	   44443	322.0
   890	   44494	321.0
   891	   44543	320.0
   892	   44593	322.0
   893	   44643	320.0
   894	   44693	321.0
   895	   44743	320.0
   896	   44793	321.0
   897	   44842	321.0
   898	   44892	320.0
   899	   44943	322.0
   900	   44993	319.0
   901	   45043	320.0
   902	   45093	322.0
   903	   45143	319.0
   904	   45193	321.0
   905	   45243	320.0
   906	   45293	319.0
   907	   45343	322.0
   908	   45393	319.0
   909	   45443	319.0
   910	   45495	320.0
   911	   45543	321.0
   912	   45592	321.0
   913	   45644	318.0
   914	   45693	320.0
   915	   45744	321.0
   916	   45793	319.0
   917	   45843	320.0
   918	   45893	321.0
   919	   45942	320.0
   920	   45992	319.0
   921	   46042	319.0
   922	   46093	318.0
   923	   46143	320.0
   924	   46195	318.0
   925	   46242	317.0
   926	   46292	319.0
   927	   46343	317.0
   928	   46392	318.0
   929	   46442	319.0
   930	   46492	320.0
   931	   46543	319.0
   932	   46592	320.0
   933	   46644	318.0
   934	   46694	319.0
   935	   46742	316.0
   936	   46792	319.0
   937	   46842	317.0
   938	   46892	316.0
   939	   46942	318.0
   940	   46992	318.0
   941	   47042	316.0
   942	   47093	317.0
   943	   47142	317.0
   944	   47192	317.0
   945	   47242	317.0
   946	   47295	316.0
   947	   47344	315.0
   948	   47392	318.0
   949	   47442	315.0
   950	   47492	317.0
   951	   47544	317.0
   952	   47594	315.0
   953	   47644	317.0
   954	   47694	317.0
   955	   47744	316.0
   956	   47794	316.0
   957	   47844	316.0
   958	   47894	315.0
   959	   47944	317.0
   960	   47992	316.0
   961	   48044	317.0
   962	   48094	317.0
   963	   48145	315.0
   964	   48194	315.0
   965	   48242	315.0
   966	   48292	314.0
   967	   48342	316.0
   968	   48394	316.0
   969	   48444	314.0
   970	   48494	316.0
   971	   48544	316.0
   972	   48594	313.0
   973	   48644	316.0
   974	   48692	314.0
   975	   48744	315.0
   976	   48794	315.0
   977	   48844	314.0
   978	   48895	316.0
   979	   48944	315.0
   980	   48994	312.0
   981	   49044	314.0
   982	   49095	315.0
   983	   49144	315.0
   984	   49194	315.0
   985	   49244	313.0
   986	   49294	314.0
   987	   49344	314.0
   988	   49394	313.0
   989	   49444	314.0
   990	   49494	315.0
   991	   49544	313.0
   992	   49594	314.0
   993	   49644	312.0
   994	   49694	314.0
   995	   49744	313.0
   996	   49794	314.0
   997	   49844	311.0
   998	   49894	311.0
   999	   49944	312.0
  1000	   49995	311.0
  1001	   50044	311.0
  1002	   50094	313.0
  1003	   50144	312.0
  1004	   50195	312.0
  1005	   50244	314.0
  1006	   50294	311.0
  1007	   50344	313.0
  1008	   50394	311.0
  1009	   50444	312.0
  1010	   50494	311.0
  1011	   50544	311.0
  1012	   50594	312.0
  1013	   50644	310.0
  1014	   50694	309.0
  1015	   50745	313.0
  1016	   50794	312.0
  1017	   50844	312.0
  1018	   50894	310.0
  1019	   50944	311.0
  1020	   50994	310.0
  1021	   51044	309.0
  1022	   51094	311.0
  1023	   51144	309.0
  1024	   51194	311.0
  1025	   51308	308.0
  1026	   51320	311.0
  1027	   51368	311.0
  1028	   51414	309.0
  1029	   51460	309.0
  1030	   51506	308.0
  1031	   51552	312.0
  1032	   51599	309.0
  1033	   51644	310.0
  1034	   51695	312.0
  1035	   51744	310.0
  1036	   51794	311.0
  1037	   51844	310.0
  1038	   51894	308.0
  1039	   51944	308.0
  1040	   51994	311.0
  1041	   52044	310.0
  1042	   52094	308.0
  1043	   52144	310.0
  1044	   52194	310.0
  1045	   52244	307.0
  1046	   52294	309.0
  1047	   52344	307.0
  1048	   52394	309.0
  1049	   52444	307.0
  1050	   52494	308.0
  1051	   52544	309.0
  1052	   52594	307.0
  1053	   52644	310.0
  1054	   52694	308.0
  1055	   52744	307.0
  1056	   52794	310.0
  1057	   52844	306.0
  1058	   52894	308.0
  1059	   52944	307.0
  1060	   52995	310.0
  1061	   53044	309.0
  1062	   53094	306.0
  1063	   53144	306.0
  1064	   53194	308.0
  1065	   53245	308.0
  1066	   53294	308.0
  1067	   53344	307.0
  1068	   53394	307.0
  1069	   53444	305.0
  1070	   53495	308.0
  1071	   53544	305.0
  1072	   53595	306.0
  1073	   53644	308.0
  1074	   53694	307.0
  1075	   53745	307.0
  1076	   53795	306.0
  1077	   53844	308.0
  1078	   53894	305.0
  1079	   53944	305.0
  1080	   53994	306.0
  1081	   54044	308.0
  1082	   54094	306.0
  1083	   54144	307.0
  1084	   54194	307.0
  1085	   54244	304.0
  1086	   54294	307.0
  1087	   54344	306.0
  1088	   54394	306.0
  1089	   54444	304.0
  1090	   54494	304.0
  1091	   54544	305.0
  1092	   54594	305.0
  1093	   54644	308.0
  1094	   54695	303.0
  1095	   54744	307.0
  1096	   54794	305.0
  1097	   54844	303.0
  1098	   54894	304.0
  1099	   54944	307.0
  1100	   54994	304.0
  1101	   55044	302.0
  1102	   55094	304.0
  1103	   55144	305.0
  1104	   55195	303.0
  1105	   55244	304.0
  1106	   55294	306.0
  1107	   55344	304.0
  1108	   55394	306.0
  1109	   55444	306.0
  1110	   55494	303.0
  1111	   55544	304.0
  1112	   55594	305.0
  1113	   55644	304.0
  1114	   55694	303.0
  1115	   55744	302.0
  1116	   55794	304.0
  1117	   55844	303.0
  1118	   55894	302.0
  1119	   55944	304.0
  1120	   55994	301.0
  1121	   56044	302.0
  1122	   56094	301.0
  1123	   56144	304.0
  1124	   56194	301.0
  1125	   56244	305.0
  1126	   56294	304.0
  1127	   56344	302.0
  1128	   56394	302.0
  1129	   56444	303.0
  1130	   56494	301.0
  1131	   56544	303.0
  1132	   56594	303.0
  1133	   56646	300.0
  1134	   56694	301.0
  1135	   56744	301.0
  1136	   56794	303.0
  1137	   56844	301.0
  1138	   56894	302.0
  1139	   56944	302.0
  1140	   56994	303.0
  1141	   57044	301.0
  1142	   57094	303.0
  1143	   57144	301.0
  1144	   57194	300.0
  1145	   57244	303.0
  1146	   57294	302.0
  1147	   57344	302.0
  1148	   57394	302.0
  1149	   57444	302.0
  1150	   57494	302.0
  1151	   57544	302.0
  1152	   57594	299.0
  1153	   57645	302.0
  1154	   57695	301.0
  1155	   57745	301.0
  1156	   57795	302.0
  1157	   57845	301.0
  1158	   57895	302.0
  1159	   57945	302.0
  1160	   57995	301.0
  1161	   58045	300.0
  1162	   58095	301.0
  1163	   58145	301.0
  1164	   58195	300.0
  1165	   58245	300.0
  1166	   58295	298.0
  1167	   58346	298.0
  1168	   58395	301.0
  1169	   58445	299.0
  1170	   58495	301.0
  1171	   58546	300.0
  1172	   58596	299.0
  1173	   58645	299.0
  1174	   58695	298.0
  1175	   58745	299.0
  1176	   58795	298.0
  1177	   58846	301.0
  1178	   58896	299.0
  1179	   58945	297.0
  1180	   58993	298.0
  1181	   59043	300.0
  1182	   59093	300.0
  1183	   59143	299.0
  1184	   59193	299.0
  1185	   59243	297.0
  1186	   59293	297.0
  1187	   59343	299.0
  1188	   59395	298.0
  1189	   59443	297.0
  1190	   59493	299.0
  1191	   59543	299.0
  1192	   59593	299.0
  1193	   59643	299.0
  1194	   59693	297.0
  1195	   59743	299.0
  1196	   59793	297.0
  1197	   59843	299.0
  1198	   59893	299.0
  1199	   59943	296.0
  1200	   59993	298.0
  1201	   60043	296.0
  1202	   60093	297.0
  1203	   60143	297.0
  1204	   60193	295.0
  1205	   60243	297.0
  1206	   60293	294.0
  1207	   60345	296.0
  1208	   60393	295.0
  1209	   60443	295.0
  1210	   60493	297.0
  1211	   60543	296.0
  1212	   60593	297.0
  1213	   60643	297.0
  1214	   60693	294.0
  1215	   60743	295.0
  1216	   60793	297.0
  1217	   60845	295.0
  1218	   60893	295.0
  1219	   60943	297.0
  1220	   60993	296.0
  1221	   61043	296.0
  1222	   61093	295.0
  1223	   61143	296.0
  1224	   61193	294.0
  1225	   61243	296.0
  1226	   61293	293.0
  1227	   61343	295.0
  1228	   61393	296.0
  1229	   61443	296.0
  1230	   61493	294.0
  1231	   61543	294.0
  1232	   61593	295.0
  1233	   61643	293.0
  1234	   61693	296.0
  1235	   61743	295.0
  1236	   61793	292.0
  1237	   61843	295.0
  1238	   61893	294.0
  1239	   61943	295.0
  1240	   61993	295.0
  1241	   62045	295.0
  1242	   62093	295.0
  1243	   62145	295.0
  1244	   62193	292.0
  1245	   62243	292.0
  1246	   62293	295.0
  1247	   62343	292.0
  1248	   62393	296.0
  1249	   62443	291.0
  1250	   62493	293.0
  1251	   62545	292.0
  1252	   62593	292.0
  1253	   62643	293.0
  1254	   62695	293.0
  1255	   62743	296.0
  1256	   62793	294.0
  1257	   62843	294.0
  1258	   62893	294.0
  1259	   62943	291.0
  1260	   62993	292.0
  1261	   63045	295.0
  1262	   63093	291.0
  1263	   63143	290.0
  1264	   63193	290.0
  1265	   63243	293.0
  1266	   63293	292.0
  1267	   63343	292.0
  1268	   63392	294.0
  1269	   63443	290.0
  1270	   63492	292.0
  1271	   63542	289.0
  1272	   63592	292.0
  1273	   63642	289.0
  1274	   63692	294.0
  1275	   63742	291.0
  1276	   63793	291.0
  1277	   63842	292.0
  1278	   63893	289.0
  1279	   63943	291.0
  1280	   63993	291.0
  1281	   64043	294.0
  1282	   64093	291.0
  1283	   64142	290.0
  1284	   64192	289.0
  1285	   64244	289.0
  1286	   64292	289.0
  1287	   64344	292.0
  1288	   64392	289.0
  1289	   64442	288.0
  1290	   64494	291.0
  1291	   64542	288.0
  1292	   64592	291.0
  1293	   64642	290.0
  1294	   64693	293.0
  1295	   64742	288.0
  1296	   64792	287.0
  1297	   64844	290.0
  1298	   64894	289.0
  1299	   64942	287.0
  1300	   64994	289.0
  1301	   65044	288.0
  1302	   65092	286.0
  1303	   65144	290.0
  1304	   65195	290.0
  1305	   65242	288.0
  1306	   65294	286.0
  1307	   65344	292.0
  1308	   65394	288.0
  1309	   65444	287.0
  1310	   65492	288.0
  1311	   65544	287.0
  1312	   65594	289.0
  1313	   65644	292.0
  1314	   65695	285.0
  1315	   65742	288.0
  1316	   65792	286.0
  1317	   65843	287.0
  1318	   65892	286.0
  1319	   65944	288.0
  1320	   65994	291.0
  1321	   66044	288.0
  1322	   66094	289.0
  1323	   66144	286.0
  1324	   66194	287.0
  1325	   66245	289.0
  1326	   66294	288.0
  1327	   66344	285.0
  1328	   66394	285.0
  1329	   66444	285.0
  1330	   66494	287.0
  1331	   66544	287.0
  1332	   66594	285.0
  1333	   66644	287.0
  1334	   66694	286.0
  1335	   66744	287.0
  1336	   66794	285.0
  1337	   66844	285.0
  1338	   66894	283.0
  1339	   66945	290.0
  1340	   66994	286.0
  1341	   67044	284.0
  1342	   67094	286.0
  1343	   67144	284.0
  1344	   67194	261.0
  1345	   67244	261.0
  1346	   67294	262.0
  1347	   67344	263.0
  1348	   67394	269.0
  1349	   67444	263.0
  1350	   67494	261.0
  1351	   67544	260.0
  1352	   67594	261.0
  1353	   67644	260.0
  1354	   67695	261.0
  1355	   67744	261.0
  1356	   67794	260.0
  1357	   67844	258.0
  1358	   67894	260.0
  1359	   67944	260.0
  1360	   67994	257.0
  1361	   68044	258.0
  1362	   68094	257.0
  1363	   68144	257.0
  1364	   68194	257.0
  1365	   68244	264.0
  1366	   68294	283.0
  1367	   68344	281.0
  1368	   68394	282.0
  1369	   68444	280.0
  1370	   68494	283.0
  1371	   68544	280.0
  1372	   68594	282.0
  1373	   68644	280.0
  1374	   68694	281.0
  1375	   68744	281.0
  1376	   68794	279.0
  1377	   68845	282.0
  1378	   68894	285.0
  1379	   68944	280.0
  1380	   68994	280.0
  1381	   69044	279.0
  1382	   69094	283.0
  1383	   69144	279.0
  1384	   69194	286.0
  1385	   69244	278.0
  1386	   69294	281.0
  1387	   69345	278.0
  1388	   69394	280.0
  1389	   69444	278.0
  1390	   69494	279.0
  1391	   69544	287.0
  1392	   69595	280.0
  1393	   69644	281.0
  1394	   69694	281.0
  1395	   69744	278.0
  1396	   69794	279.0
  1397	   69844	284.0
  1398	   69894	280.0
  1399	   69944	281.0
  1400	   69994	280.0
  1401	   70044	253.0
  1402	   70094	254.0
  1403	   70144	254.0
  1404	   70194	252.0
  1405	   70244	253.0
  1406	   70295	252.0
  1407	   70344	260.0
  1408	   70394	250.0
  1409	   70444	252.0
  1410	   70494	259.0
  1411	   70544	250.0
  1412	   70594	251.0
  1413	   70644	259.0
  1414	   70694	250.0
  1415	   70745	252.0
  1416	   70795	251.0
  1417	   70844	256.0
  1418	   70894	250.0
  1419	   70944	251.0
  1420	   70994	248.0
  1421	   71045	249.0
  1422	   71094	250.0
  1423	   71144	247.0
  1424	   71194	249.0
  1425	   71244	246.0
  1426	   71294	257.0
  1427	   71344	246.0
  1428	   71394	246.0
  1429	   71444	246.0
  1430	   71494	245.0
  1431	   71544	247.0
  1432	   71594	245.0
  1433	   71644	255.0
  1434	   71694	245.0
  1435	   71744	244.0
  1436	   71794	245.0
  1437	   71844	243.0
  1438	   71894	244.0
  1439	   71944	254.0
  1440	   71994	246.0
  1441	   72044	244.0
  1442	   72094	242.0
  1443	   72144	245.0
  1444	   72194	242.0
  1445	   72244	243.0
  1446	   72294	253.0
  1447	   72344	241.0
  1448	   72394	240.0
  1449	   72444	251.0
  1450	   72494	242.0
  1451	   72544	243.0
  1452	   72594	251.0
  1453	   72645	240.0
  1454	   72694	239.0
  1455	   72744	241.0
  1456	   72794	250.0
  1457	   72844	239.0
  1458	   72894	241.0
  1459	   72944	238.0
